# This file may be used to create an environment using:
# $ conda create --name <env> --file <this file>
# platform: linux-64
_libgcc_mutex=0.1=main
_tflow_select=1.1.0=gpu
absl-py=0.7.1=py36_0
astor=0.7.1=py36_0
blas=1.0=mkl
bleach=1.5.0=py36_0
bzip2=1.0.6=h14c3975_5
c-ares=1.15.0=h7b6447c_1
ca-certificates=2019.11.28=hecc5488_0
cairo=1.14.12=h8948797_3
certifi=2019.11.28=py36_0
cloudpickle=1.2.2=py_1
cudatoolkit=9.0=h13b8566_0
cudnn=7.3.1=cuda9.0_0
cupti=9.0.176=0
cycler=0.10.0=py_2
cytoolz=0.10.1=py36h516909a_0
dask-core=2.9.2=py_0
decorator=4.4.1=py_0
ffmpeg=4.0=hcdf2ecd_0
fontconfig=2.13.0=h9420a91_0
freeglut=3.0.0=hf484d3e_5
freetype=2.9.1=h8a8886c_1
gast=0.2.2=py36_0
glib=2.56.2=hd408876_0
graphite2=1.3.13=h23475e2_0
grpcio=1.16.1=py36hf8bcb03_1
harfbuzz=1.8.8=hffaf4a1_0
hdf5=1.10.2=hba1933b_1
html5lib=0.9999999=py36_0
icu=58.2=h9c2bf20_1
imageio=2.6.1=py36_0
intel-openmp=2019.4=243
jasper=2.0.14=h07fcdf6_1
jpeg=9c=h14c3975_1001
kiwisolver=1.1.0=py36hc9558a2_0
libedit=3.1.20181209=hc058e9b_0
libffi=3.2.1=hd88cf55_4
libgcc-ng=8.2.0=hdf63c60_1
libgfortran-ng=7.3.0=hdf63c60_0
libglu=9.0.0=hf484d3e_1
libopencv=3.4.2=hb342d67_1
libopus=1.3=h7b6447c_0
libpng=1.6.37=hbc83047_0
libprotobuf=3.7.1=hd408876_0
libstdcxx-ng=8.2.0=hdf63c60_1
libtiff=4.0.10=h2733197_2
libuuid=1.0.3=h1bed415_2
libvpx=1.7.0=h439df22_0
libxcb=1.13=h1bed415_1
libxml2=2.9.9=he19cac6_0
markdown=3.1=py36_0
matplotlib-base=3.1.1=py36hfd891ef_0
mkl=2019.4=243
mkl-service=2.0.2=py36h7b6447c_0
mkl_fft=1.0.12=py36ha843d7b_0
mkl_random=1.0.2=py36hd81dba3_0
ncurses=6.1=he6710b0_1
networkx=2.4=py_0
numpy=1.16.4=py36h7e9f1db_0
numpy-base=1.16.4=py36hde5b4d6_0
olefile=0.46=py_0
opencv=3.4.2=py36h6fd60c2_1
openssl=1.1.1d=h516909a_0
pandas=0.24.2=py36he6710b0_0
pcre=8.43=he6710b0_0
pillow=6.1.0=py36h6b7be26_1
pip=19.1.1=py36_0
pixman=0.38.0=h7b6447c_0
protobuf=3.7.1=py36he6710b0_0
py-opencv=3.4.2=py36hb342d67_1
pyparsing=2.4.6=py_0
python=3.6.8=h0371630_0
python-dateutil=2.8.0=py36_0
pytz=2019.1=py_0
pywavelets=1.1.1=py36hc1659b7_0
readline=7.0=h7b6447c_5
scikit-image=0.15.0=py36hb3f55d8_2
scipy=1.3.1=py36h7c811a0_0
setuptools=41.0.1=py36_0
six=1.12.0=py36_0
sqlite=3.28.0=h7b6447c_0
tensorboard=1.8.0=py36hf484d3e_0
tensorflow=1.8.0=hb11d968_0
tensorflow-base=1.8.0=py36hc1a7637_0
tensorflow-gpu=1.8.0=h7b35bdc_0
termcolor=1.1.0=py36_1
tk=8.6.10=hed695b0_0
toolz=0.10.0=py_0
tornado=6.0.3=py36h516909a_0
werkzeug=0.15.2=py_0
wheel=0.33.4=py36_0
xz=5.2.4=h14c3975_4
zlib=1.2.11=h7b6447c_3
zstd=1.3.7=h0b5b093_0
jupyter
ipython
pytest
notebook
